image_width: 640
image_height: 480
camera_name: asus_xtion_pro_live
camera_matrix:
  rows: 3
  cols: 3
  data: [536.712473, 0, 310.929286, 0, 539.795645, 236.771824, 0, 0, 1]
distortion_model: plumb_bob
distortion_coefficients:
  rows: 1
  cols: 5
  data: [0.046228, -0.157321, -0.000993, -0.000960, 0]
rectification_matrix:
  rows: 3
  cols: 3
  data: [1, 0, 0, 0, 1, 0, 0, 0, 1]
projection_matrix:
  rows: 3
  cols: 4
  data: [533.779602, 0, 309.407820, 0, 0, 540.257935, 235.936107, 0, 0, 0, 1, 0]
